(kicad_pcb (version 4) (host pcbnew 4.0.2-stable)

  (general
    (links 5)
    (no_connects 1)
    (area 57.499499 57.499499 142.500501 142.500501)
    (thickness 1.6)
    (drawings 14)
    (tracks 255)
    (zones 0)
    (modules 12)
    (nets 8)
  )

  (page A4)
  (layers
    (0 F.Cu signal)
    (31 B.Cu signal)
    (32 B.Adhes user)
    (33 F.Adhes user)
    (34 B.Paste user)
    (35 F.Paste user)
    (36 B.SilkS user)
    (37 F.SilkS user)
    (38 B.Mask user)
    (39 F.Mask user)
    (40 Dwgs.User user)
    (41 Cmts.User user)
    (42 Eco1.User user)
    (43 Eco2.User user)
    (44 Edge.Cuts user)
    (45 Margin user)
    (46 B.CrtYd user)
    (47 F.CrtYd user)
    (48 B.Fab user)
    (49 F.Fab user)
  )

  (setup
    (last_trace_width 0.3)
    (user_trace_width 0.25)
    (user_trace_width 0.3)
    (user_trace_width 0.4)
    (user_trace_width 0.5)
    (user_trace_width 2)
    (trace_clearance 0.2)
    (zone_clearance 0.2)
    (zone_45_only yes)
    (trace_min 0.25)
    (segment_width 0.2)
    (edge_width 0.15)
    (via_size 1.5)
    (via_drill 0.2)
    (via_min_size 0.6)
    (via_min_drill 0.2)
    (user_via 1.5 0.3)
    (blind_buried_vias_allowed yes)
    (uvia_size 0.3)
    (uvia_drill 0.1)
    (uvias_allowed no)
    (uvia_min_size 0.2)
    (uvia_min_drill 0.1)
    (pcb_text_width 0.3)
    (pcb_text_size 1.5 1.5)
    (mod_edge_width 0.15)
    (mod_text_size 1 1)
    (mod_text_width 0.15)
    (pad_size 1 1)
    (pad_drill 0)
    (pad_to_mask_clearance 0.062)
    (solder_mask_min_width 0.125)
    (aux_axis_origin 0 0)
    (grid_origin 100 100)
    (visible_elements FFFFFF7F)
    (pcbplotparams
      (layerselection 0x010c0_80000001)
      (usegerberextensions true)
      (excludeedgelayer true)
      (linewidth 0.100000)
      (plotframeref false)
      (viasonmask false)
      (mode 1)
      (useauxorigin false)
      (hpglpennumber 1)
      (hpglpenspeed 20)
      (hpglpendiameter 15)
      (hpglpenoverlay 2)
      (psnegative false)
      (psa4output false)
      (plotreference true)
      (plotvalue false)
      (plotinvisibletext false)
      (padsonsilk false)
      (subtractmaskfromsilk false)
      (outputformat 1)
      (mirror false)
      (drillshape 0)
      (scaleselection 1)
      (outputdirectory gerber))
  )

  (net 0 "")
  (net 1 GND)
  (net 2 /SENSOR1)
  (net 3 /SENSOR2)
  (net 4 /SENSOR3)
  (net 5 /SENSOR4)
  (net 6 /SENSOR5)
  (net 7 /SENSOR6)

  (net_class Default "This is the default net class."
    (clearance 0.2)
    (trace_width 0.3)
    (via_dia 1.5)
    (via_drill 0.2)
    (uvia_dia 0.3)
    (uvia_drill 0.1)
    (add_net /SENSOR1)
    (add_net /SENSOR2)
    (add_net /SENSOR3)
    (add_net /SENSOR4)
    (add_net /SENSOR5)
    (add_net /SENSOR6)
    (add_net GND)
  )

  (module SCUBE:plate_hole (layer F.Cu) (tedit 57AD9F33) (tstamp 57ADA3FB)
    (at 92.25833 119.562178 150)
    (path /57ADA033)
    (fp_text reference P1 (at 0 -3.81 150) (layer B.SilkS)
      (effects (font (size 1 1) (thickness 0.15)) (justify mirror))
    )
    (fp_text value CONN_01X01 (at 0 -5.08 150) (layer B.Fab)
      (effects (font (size 1 1) (thickness 0.15)) (justify mirror))
    )
    (pad 1 thru_hole circle (at 0 0 150) (size 4 4) (drill 0.3) (layers *.Cu F.SilkS B.Mask)
      (net 2 /SENSOR1))
  )

  (module SCUBE:plate_hole (layer F.Cu) (tedit 57AD9F33) (tstamp 57ADA400)
    (at 87.062178 116.562178 150)
    (path /57ADA08D)
    (fp_text reference P2 (at 0 -3.81 150) (layer B.SilkS)
      (effects (font (size 1 1) (thickness 0.15)) (justify mirror))
    )
    (fp_text value CONN_01X01 (at 0 -5.08 150) (layer B.Fab)
      (effects (font (size 1 1) (thickness 0.15)) (justify mirror))
    )
    (pad 1 thru_hole circle (at 0 0 150) (size 4 4) (drill 0.3) (layers *.Cu F.SilkS B.Mask)
      (net 3 /SENSOR2))
  )

  (module SCUBE:plate_hole (layer F.Cu) (tedit 57AD9F33) (tstamp 57ADA405)
    (at 86.857695 83.370835 30)
    (path /57ADA0AB)
    (fp_text reference P3 (at 0 -3.81 30) (layer B.SilkS)
      (effects (font (size 1 1) (thickness 0.15)) (justify mirror))
    )
    (fp_text value CONN_01X01 (at 0 -5.08 30) (layer B.Fab)
      (effects (font (size 1 1) (thickness 0.15)) (justify mirror))
    )
    (pad 1 thru_hole circle (at 0 0 30) (size 4 4) (drill 0.3) (layers *.Cu F.SilkS B.Mask)
      (net 4 /SENSOR3))
  )

  (module SCUBE:plate_hole (layer F.Cu) (tedit 57AD9F33) (tstamp 57ADA40A)
    (at 92.053848 80.370835 30)
    (path /57ADA0DC)
    (fp_text reference P4 (at 0 -3.81 30) (layer B.SilkS)
      (effects (font (size 1 1) (thickness 0.15)) (justify mirror))
    )
    (fp_text value CONN_01X01 (at 0 -5.08 30) (layer B.Fab)
      (effects (font (size 1 1) (thickness 0.15)) (justify mirror))
    )
    (pad 1 thru_hole circle (at 0 0 30) (size 4 4) (drill 0.3) (layers *.Cu F.SilkS B.Mask)
      (net 5 /SENSOR4))
  )

  (module SCUBE:plate_hole (layer F.Cu) (tedit 57AD9F33) (tstamp 57ADA40F)
    (at 121 97 270)
    (path /57ADA0F8)
    (fp_text reference P5 (at 0 -3.81 270) (layer B.SilkS)
      (effects (font (size 1 1) (thickness 0.15)) (justify mirror))
    )
    (fp_text value CONN_01X01 (at 0 -5.08 270) (layer B.Fab)
      (effects (font (size 1 1) (thickness 0.15)) (justify mirror))
    )
    (pad 1 thru_hole circle (at 0 0 270) (size 4 4) (drill 0.3) (layers *.Cu F.SilkS B.Mask)
      (net 6 /SENSOR5))
  )

  (module SCUBE:plate_hole (layer F.Cu) (tedit 57AD9F33) (tstamp 57ADA414)
    (at 121 103 270)
    (path /57ADA131)
    (fp_text reference P6 (at 0 -3.81 270) (layer B.SilkS)
      (effects (font (size 1 1) (thickness 0.15)) (justify mirror))
    )
    (fp_text value CONN_01X01 (at 0 -5.08 270) (layer B.Fab)
      (effects (font (size 1 1) (thickness 0.15)) (justify mirror))
    )
    (pad 1 thru_hole circle (at 0 0 270) (size 4 4) (drill 0.3) (layers *.Cu F.SilkS B.Mask)
      (net 7 /SENSOR6))
  )

  (module SCUBE:M3_PTH (layer B.Cu) (tedit 57ADC4E8) (tstamp 57ADC925)
    (at 65 135)
    (path /57ADA50A)
    (fp_text reference P7 (at 0 3.175) (layer B.SilkS)
      (effects (font (size 1 1) (thickness 0.15)) (justify mirror))
    )
    (fp_text value M3 (at 0 4.445) (layer B.Fab)
      (effects (font (size 1 1) (thickness 0.15)) (justify mirror))
    )
    (pad 1 thru_hole circle (at 0 0) (size 4 4) (drill 3.2) (layers *.Cu *.Mask B.SilkS)
      (net 1 GND))
  )

  (module SCUBE:M3_PTH (layer F.Cu) (tedit 57ADC4E8) (tstamp 57ADC92D)
    (at 135 135)
    (path /57ADC6AB)
    (fp_text reference P8 (at 0 -3.175) (layer F.SilkS)
      (effects (font (size 1 1) (thickness 0.15)))
    )
    (fp_text value M3 (at 0 -4.445) (layer F.Fab)
      (effects (font (size 1 1) (thickness 0.15)))
    )
    (pad 1 thru_hole circle (at 0 0) (size 4 4) (drill 3.2) (layers *.Cu *.Mask F.SilkS)
      (net 1 GND))
  )

  (module SCUBE:M3_PTH (layer F.Cu) (tedit 57ADC4E8) (tstamp 57ADC932)
    (at 65 65)
    (path /57ADC6D7)
    (fp_text reference P9 (at 0 -3.175) (layer F.SilkS)
      (effects (font (size 1 1) (thickness 0.15)))
    )
    (fp_text value M3 (at 0 -4.445) (layer F.Fab)
      (effects (font (size 1 1) (thickness 0.15)))
    )
    (pad 1 thru_hole circle (at 0 0) (size 4 4) (drill 3.2) (layers *.Cu *.Mask F.SilkS)
      (net 1 GND))
  )

  (module SCUBE:M3_PTH (layer F.Cu) (tedit 57ADC4E8) (tstamp 57ADC937)
    (at 135 65)
    (path /57ADC718)
    (fp_text reference P10 (at 0 -3.175) (layer F.SilkS)
      (effects (font (size 1 1) (thickness 0.15)))
    )
    (fp_text value M3 (at 0 -4.445) (layer F.Fab)
      (effects (font (size 1 1) (thickness 0.15)))
    )
    (pad 1 thru_hole circle (at 0 0) (size 4 4) (drill 3.2) (layers *.Cu *.Mask F.SilkS)
      (net 1 GND))
  )

  (module SCUBE:M3_PTH (layer F.Cu) (tedit 57ADC4E8) (tstamp 584875C3)
    (at 121.500000 62.760908)
    (path /58487826)
    (fp_text reference P11 (at 0 -3.175) (layer F.SilkS)
      (effects (font (size 1 1) (thickness 0.15)))
    )
    (fp_text value M3 (at 0 -4.445) (layer F.Fab)
      (effects (font (size 1 1) (thickness 0.15)))
    )
    (pad 1 thru_hole circle (at 0 0) (size 4 4) (drill 3.2) (layers *.Cu *.Mask F.SilkS)
      (net 1 GND))
  )

  (module SCUBE:M3_PTH (layer F.Cu) (tedit 57ADC4E8) (tstamp 584875C8)
    (at 137.239092 78.500000)
    (path /58487879)
    (fp_text reference P12 (at 0 -3.175) (layer F.SilkS)
      (effects (font (size 1 1) (thickness 0.15)))
    )
    (fp_text value M3 (at 0 -4.445) (layer F.Fab)
      (effects (font (size 1 1) (thickness 0.15)))
    )
    (pad 1 thru_hole circle (at 0 0) (size 4 4) (drill 3.2) (layers *.Cu *.Mask F.SilkS)
      (net 1 GND))
  )

  (gr_text BOT (at 72.5 62.5 180) (layer B.Cu) (tstamp 57ADABFA)
    (effects (font (size 1.5 1.5) (thickness 0.3)) (justify mirror))
  )
  (gr_text TOP (at 65 60 180) (layer F.Cu) (tstamp 57ADABF9)
    (effects (font (size 1.5 1.5) (thickness 0.3)))
  )
  (gr_text 3 (at 66.5 60 180) (layer In2.Cu) (tstamp 578FAAFE)
    (effects (font (size 1.5 1.5) (thickness 0.3)))
  )
  (gr_text 2 (at 68.5 60 180) (layer In1.Cu) (tstamp 578FAAFD)
    (effects (font (size 1.5 1.5) (thickness 0.3)))
  )
  (gr_text BOT (at 127.5 137.5) (layer B.Cu)
    (effects (font (size 1.5 1.5) (thickness 0.3)) (justify mirror))
  )
  (gr_text 3 (at 133.5 140) (layer In2.Cu)
    (effects (font (size 1.5 1.5) (thickness 0.3)))
  )
  (gr_text 2 (at 131.5 140) (layer In1.Cu)
    (effects (font (size 1.5 1.5) (thickness 0.3)))
  )
  (gr_text TOP (at 135 140) (layer F.Cu)
    (effects (font (size 1.5 1.5) (thickness 0.3)))
  )
  (gr_circle (center 100 100) (end 111.25 100) (layer B.Mask) (width 3))
  (gr_circle (center 100 100) (end 111.25 100) (layer Edge.Cuts) (width 0.001))
  (gr_line (start 57.5 142.5) (end 57.5 57.5) (layer Edge.Cuts) (width 0.001))
  (gr_line (start 142.5 142.5) (end 57.5 142.5) (layer Edge.Cuts) (width 0.001))
  (gr_line (start 142.5 57.5) (end 142.5 142.5) (layer Edge.Cuts) (width 0.001))
  (gr_line (start 57.5 57.5) (end 142.5 57.5) (layer Edge.Cuts) (width 0.001))

  (segment (start 114 100) (end 111.9 100) (width 0.3) (layer B.Cu) (net 1))
  (segment (start 114 114) (end 114 100) (width 0.3) (layer B.Cu) (net 1))
  (segment (start 135 135) (end 114 114) (width 0.3) (layer B.Cu) (net 1))
  (via (at 111.85 100) (size 0.6) (drill 0.3) (layers F.Cu B.Cu) (net 1))
  (segment (start 111.85 100) (end 111.844987 100.344654) (width 0.8) (layer F.Cu) (net 1))
  (segment (start 111.844987 100.344654) (end 111.829952 100.689016) (width 0.8) (layer F.Cu) (net 1))
  (segment (start 111.829952 100.689016) (end 111.804907 101.032796) (width 0.8) (layer F.Cu) (net 1))
  (segment (start 111.804907 101.032796) (end 111.769875 101.375701) (width 0.8) (layer F.Cu) (net 1))
  (segment (start 111.769875 101.375701) (end 111.724883 101.717443) (width 0.8) (layer F.Cu) (net 1))
  (segment (start 111.724883 101.717443) (end 111.669972 102.057731) (width 0.8) (layer F.Cu) (net 1))
  (via (at 111.669972 102.057731) (size 0.6) (drill 0.3) (layers F.Cu B.Cu) (net 1))
  (segment (start 111.669972 102.057731) (end 111.605186 102.396278) (width 0.8) (layer F.Cu) (net 1))
  (segment (start 111.605186 102.396278) (end 111.530582 102.732798) (width 0.8) (layer F.Cu) (net 1))
  (segment (start 111.530582 102.732798) (end 111.446221 103.067006) (width 0.8) (layer F.Cu) (net 1))
  (segment (start 111.446221 103.067006) (end 111.352176 103.398618) (width 0.8) (layer F.Cu) (net 1))
  (segment (start 111.352176 103.398618) (end 111.248525 103.727355) (width 0.8) (layer F.Cu) (net 1))
  (segment (start 111.248525 103.727355) (end 111.135358 104.052939) (width 0.8) (layer F.Cu) (net 1))
  (via (at 111.135358 104.052939) (size 0.6) (drill 0.3) (layers F.Cu B.Cu) (net 1))
  (segment (start 111.135358 104.052939) (end 111.012768 104.375093) (width 0.8) (layer F.Cu) (net 1))
  (segment (start 111.012768 104.375093) (end 110.880861 104.693545) (width 0.8) (layer F.Cu) (net 1))
  (segment (start 110.880861 104.693545) (end 110.739747 105.008026) (width 0.8) (layer F.Cu) (net 1))
  (segment (start 110.739747 105.008026) (end 110.589547 105.31827) (width 0.8) (layer F.Cu) (net 1))
  (segment (start 110.589547 105.31827) (end 110.430386 105.624014) (width 0.8) (layer F.Cu) (net 1))
  (segment (start 110.430386 105.624014) (end 110.262401 105.925) (width 0.8) (layer F.Cu) (net 1))
  (via (at 110.262401 105.925) (size 0.6) (drill 0.3) (layers F.Cu B.Cu) (net 1))
  (segment (start 110.262401 105.925) (end 110.085733 106.220972) (width 0.8) (layer F.Cu) (net 1))
  (segment (start 110.085733 106.220972) (end 109.900531 106.511681) (width 0.8) (layer F.Cu) (net 1))
  (segment (start 109.900531 106.511681) (end 109.706952 106.796881) (width 0.8) (layer F.Cu) (net 1))
  (segment (start 109.706952 106.796881) (end 109.50516 107.076329) (width 0.8) (layer F.Cu) (net 1))
  (segment (start 109.50516 107.076329) (end 109.295326 107.349791) (width 0.8) (layer F.Cu) (net 1))
  (segment (start 109.295326 107.349791) (end 109.077627 107.617033) (width 0.8) (layer F.Cu) (net 1))
  (via (at 109.077627 107.617033) (size 0.6) (drill 0.3) (layers F.Cu B.Cu) (net 1))
  (segment (start 109.077627 107.617033) (end 108.852247 107.877831) (width 0.8) (layer F.Cu) (net 1))
  (segment (start 108.852247 107.877831) (end 108.619378 108.131963) (width 0.8) (layer F.Cu) (net 1))
  (segment (start 108.619378 108.131963) (end 108.379215 108.379215) (width 0.8) (layer F.Cu) (net 1))
  (segment (start 108.379215 108.379215) (end 108.131963 108.619378) (width 0.8) (layer F.Cu) (net 1))
  (segment (start 108.131963 108.619378) (end 107.877831 108.852247) (width 0.8) (layer F.Cu) (net 1))
  (segment (start 107.877831 108.852247) (end 107.617033 109.077627) (width 0.8) (layer F.Cu) (net 1))
  (via (at 107.617033 109.077627) (size 0.6) (drill 0.3) (layers F.Cu B.Cu) (net 1))
  (segment (start 107.617033 109.077627) (end 107.349791 109.295326) (width 0.8) (layer F.Cu) (net 1))
  (segment (start 107.349791 109.295326) (end 107.076329 109.50516) (width 0.8) (layer F.Cu) (net 1))
  (segment (start 107.076329 109.50516) (end 106.796881 109.706952) (width 0.8) (layer F.Cu) (net 1))
  (segment (start 106.796881 109.706952) (end 106.511681 109.900531) (width 0.8) (layer F.Cu) (net 1))
  (segment (start 106.511681 109.900531) (end 106.220972 110.085733) (width 0.8) (layer F.Cu) (net 1))
  (segment (start 106.220972 110.085733) (end 105.925 110.262401) (width 0.8) (layer F.Cu) (net 1))
  (via (at 105.925 110.262401) (size 0.6) (drill 0.3) (layers F.Cu B.Cu) (net 1))
  (segment (start 105.925 110.262401) (end 105.624014 110.430386) (width 0.8) (layer F.Cu) (net 1))
  (segment (start 105.624014 110.430386) (end 105.31827 110.589547) (width 0.8) (layer F.Cu) (net 1))
  (segment (start 105.31827 110.589547) (end 105.008026 110.739747) (width 0.8) (layer F.Cu) (net 1))
  (segment (start 105.008026 110.739747) (end 104.693545 110.880861) (width 0.8) (layer F.Cu) (net 1))
  (segment (start 104.693545 110.880861) (end 104.375093 111.012768) (width 0.8) (layer F.Cu) (net 1))
  (segment (start 104.375093 111.012768) (end 104.052939 111.135358) (width 0.8) (layer F.Cu) (net 1))
  (via (at 104.052939 111.135358) (size 0.6) (drill 0.3) (layers F.Cu B.Cu) (net 1))
  (segment (start 104.052939 111.135358) (end 103.727355 111.248525) (width 0.8) (layer F.Cu) (net 1))
  (segment (start 103.727355 111.248525) (end 103.398618 111.352176) (width 0.8) (layer F.Cu) (net 1))
  (segment (start 103.398618 111.352176) (end 103.067006 111.446221) (width 0.8) (layer F.Cu) (net 1))
  (segment (start 103.067006 111.446221) (end 102.732798 111.530582) (width 0.8) (layer F.Cu) (net 1))
  (segment (start 102.732798 111.530582) (end 102.396278 111.605186) (width 0.8) (layer F.Cu) (net 1))
  (segment (start 102.396278 111.605186) (end 102.057731 111.669972) (width 0.8) (layer F.Cu) (net 1))
  (via (at 102.057731 111.669972) (size 0.6) (drill 0.3) (layers F.Cu B.Cu) (net 1))
  (segment (start 102.057731 111.669972) (end 101.717443 111.724883) (width 0.8) (layer F.Cu) (net 1))
  (segment (start 101.717443 111.724883) (end 101.375701 111.769875) (width 0.8) (layer F.Cu) (net 1))
  (segment (start 101.375701 111.769875) (end 101.032796 111.804907) (width 0.8) (layer F.Cu) (net 1))
  (segment (start 101.032796 111.804907) (end 100.689016 111.829952) (width 0.8) (layer F.Cu) (net 1))
  (segment (start 100.689016 111.829952) (end 100.344654 111.844987) (width 0.8) (layer F.Cu) (net 1))
  (segment (start 100.344654 111.844987) (end 100 111.85) (width 0.8) (layer F.Cu) (net 1))
  (via (at 100 111.85) (size 0.6) (drill 0.3) (layers F.Cu B.Cu) (net 1))
  (segment (start 100 111.85) (end 99.655346 111.844987) (width 0.8) (layer F.Cu) (net 1))
  (segment (start 99.655346 111.844987) (end 99.310984 111.829952) (width 0.8) (layer F.Cu) (net 1))
  (segment (start 99.310984 111.829952) (end 98.967204 111.804907) (width 0.8) (layer F.Cu) (net 1))
  (segment (start 98.967204 111.804907) (end 98.624299 111.769875) (width 0.8) (layer F.Cu) (net 1))
  (segment (start 98.624299 111.769875) (end 98.282557 111.724883) (width 0.8) (layer F.Cu) (net 1))
  (segment (start 98.282557 111.724883) (end 97.942269 111.669972) (width 0.8) (layer F.Cu) (net 1))
  (via (at 97.942269 111.669972) (size 0.6) (drill 0.3) (layers F.Cu B.Cu) (net 1))
  (segment (start 97.942269 111.669972) (end 97.603722 111.605186) (width 0.8) (layer F.Cu) (net 1))
  (segment (start 97.603722 111.605186) (end 97.267202 111.530582) (width 0.8) (layer F.Cu) (net 1))
  (segment (start 97.267202 111.530582) (end 96.932994 111.446221) (width 0.8) (layer F.Cu) (net 1))
  (segment (start 96.932994 111.446221) (end 96.601382 111.352176) (width 0.8) (layer F.Cu) (net 1))
  (segment (start 96.601382 111.352176) (end 96.272645 111.248525) (width 0.8) (layer F.Cu) (net 1))
  (segment (start 96.272645 111.248525) (end 95.947061 111.135358) (width 0.8) (layer F.Cu) (net 1))
  (via (at 95.947061 111.135358) (size 0.6) (drill 0.3) (layers F.Cu B.Cu) (net 1))
  (segment (start 95.947061 111.135358) (end 95.624907 111.012768) (width 0.8) (layer F.Cu) (net 1))
  (segment (start 95.624907 111.012768) (end 95.306455 110.880861) (width 0.8) (layer F.Cu) (net 1))
  (segment (start 95.306455 110.880861) (end 94.991974 110.739747) (width 0.8) (layer F.Cu) (net 1))
  (segment (start 94.991974 110.739747) (end 94.68173 110.589547) (width 0.8) (layer F.Cu) (net 1))
  (segment (start 94.68173 110.589547) (end 94.375986 110.430386) (width 0.8) (layer F.Cu) (net 1))
  (segment (start 94.375986 110.430386) (end 94.075 110.262401) (width 0.8) (layer F.Cu) (net 1))
  (via (at 94.075 110.262401) (size 0.6) (drill 0.3) (layers F.Cu B.Cu) (net 1))
  (segment (start 94.075 110.262401) (end 93.779028 110.085733) (width 0.8) (layer F.Cu) (net 1))
  (segment (start 93.779028 110.085733) (end 93.488319 109.900531) (width 0.8) (layer F.Cu) (net 1))
  (segment (start 93.488319 109.900531) (end 93.203119 109.706952) (width 0.8) (layer F.Cu) (net 1))
  (segment (start 93.203119 109.706952) (end 92.923671 109.50516) (width 0.8) (layer F.Cu) (net 1))
  (segment (start 92.923671 109.50516) (end 92.650209 109.295326) (width 0.8) (layer F.Cu) (net 1))
  (segment (start 92.650209 109.295326) (end 92.382967 109.077627) (width 0.8) (layer F.Cu) (net 1))
  (via (at 92.382967 109.077627) (size 0.6) (drill 0.3) (layers F.Cu B.Cu) (net 1))
  (segment (start 92.382967 109.077627) (end 92.122169 108.852247) (width 0.8) (layer F.Cu) (net 1))
  (segment (start 92.122169 108.852247) (end 91.868037 108.619378) (width 0.8) (layer F.Cu) (net 1))
  (segment (start 91.868037 108.619378) (end 91.620785 108.379215) (width 0.8) (layer F.Cu) (net 1))
  (segment (start 91.620785 108.379215) (end 91.380622 108.131963) (width 0.8) (layer F.Cu) (net 1))
  (segment (start 91.380622 108.131963) (end 91.147753 107.877831) (width 0.8) (layer F.Cu) (net 1))
  (segment (start 91.147753 107.877831) (end 90.922373 107.617033) (width 0.8) (layer F.Cu) (net 1))
  (via (at 90.922373 107.617033) (size 0.6) (drill 0.3) (layers F.Cu B.Cu) (net 1))
  (segment (start 90.922373 107.617033) (end 90.704674 107.349791) (width 0.8) (layer F.Cu) (net 1))
  (segment (start 90.704674 107.349791) (end 90.49484 107.076329) (width 0.8) (layer F.Cu) (net 1))
  (segment (start 90.49484 107.076329) (end 90.293048 106.796881) (width 0.8) (layer F.Cu) (net 1))
  (segment (start 90.293048 106.796881) (end 90.099469 106.511681) (width 0.8) (layer F.Cu) (net 1))
  (segment (start 90.099469 106.511681) (end 89.914267 106.220972) (width 0.8) (layer F.Cu) (net 1))
  (segment (start 89.914267 106.220972) (end 89.737599 105.925) (width 0.8) (layer F.Cu) (net 1))
  (via (at 89.737599 105.925) (size 0.6) (drill 0.3) (layers F.Cu B.Cu) (net 1))
  (segment (start 89.737599 105.925) (end 89.569614 105.624014) (width 0.8) (layer F.Cu) (net 1))
  (segment (start 89.569614 105.624014) (end 89.410453 105.31827) (width 0.8) (layer F.Cu) (net 1))
  (segment (start 89.410453 105.31827) (end 89.260253 105.008026) (width 0.8) (layer F.Cu) (net 1))
  (segment (start 89.260253 105.008026) (end 89.119139 104.693545) (width 0.8) (layer F.Cu) (net 1))
  (segment (start 89.119139 104.693545) (end 88.987232 104.375093) (width 0.8) (layer F.Cu) (net 1))
  (segment (start 88.987232 104.375093) (end 88.864642 104.052939) (width 0.8) (layer F.Cu) (net 1))
  (via (at 88.864642 104.052939) (size 0.6) (drill 0.3) (layers F.Cu B.Cu) (net 1))
  (segment (start 88.864642 104.052939) (end 88.751475 103.727355) (width 0.8) (layer F.Cu) (net 1))
  (segment (start 88.751475 103.727355) (end 88.647824 103.398618) (width 0.8) (layer F.Cu) (net 1))
  (segment (start 88.647824 103.398618) (end 88.553779 103.067006) (width 0.8) (layer F.Cu) (net 1))
  (segment (start 88.553779 103.067006) (end 88.469418 102.732798) (width 0.8) (layer F.Cu) (net 1))
  (segment (start 88.469418 102.732798) (end 88.394814 102.396278) (width 0.8) (layer F.Cu) (net 1))
  (segment (start 88.394814 102.396278) (end 88.330028 102.057731) (width 0.8) (layer F.Cu) (net 1))
  (via (at 88.330028 102.057731) (size 0.6) (drill 0.3) (layers F.Cu B.Cu) (net 1))
  (segment (start 88.330028 102.057731) (end 88.275117 101.717443) (width 0.8) (layer F.Cu) (net 1))
  (segment (start 88.275117 101.717443) (end 88.230125 101.375701) (width 0.8) (layer F.Cu) (net 1))
  (segment (start 88.230125 101.375701) (end 88.195093 101.032796) (width 0.8) (layer F.Cu) (net 1))
  (segment (start 88.195093 101.032796) (end 88.170048 100.689016) (width 0.8) (layer F.Cu) (net 1))
  (segment (start 88.170048 100.689016) (end 88.155013 100.344654) (width 0.8) (layer F.Cu) (net 1))
  (segment (start 88.155013 100.344654) (end 88.15 100) (width 0.8) (layer F.Cu) (net 1))
  (via (at 88.15 100) (size 0.6) (drill 0.3) (layers F.Cu B.Cu) (net 1))
  (segment (start 88.15 100) (end 88.155013 99.655346) (width 0.8) (layer F.Cu) (net 1))
  (segment (start 88.155013 99.655346) (end 88.170048 99.310984) (width 0.8) (layer F.Cu) (net 1))
  (segment (start 88.170048 99.310984) (end 88.195093 98.967204) (width 0.8) (layer F.Cu) (net 1))
  (segment (start 88.195093 98.967204) (end 88.230125 98.624299) (width 0.8) (layer F.Cu) (net 1))
  (segment (start 88.230125 98.624299) (end 88.275117 98.282557) (width 0.8) (layer F.Cu) (net 1))
  (segment (start 88.275117 98.282557) (end 88.330028 97.942269) (width 0.8) (layer F.Cu) (net 1))
  (via (at 88.330028 97.942269) (size 0.6) (drill 0.3) (layers F.Cu B.Cu) (net 1))
  (segment (start 88.330028 97.942269) (end 88.394814 97.603722) (width 0.8) (layer F.Cu) (net 1))
  (segment (start 88.394814 97.603722) (end 88.469418 97.267202) (width 0.8) (layer F.Cu) (net 1))
  (segment (start 88.469418 97.267202) (end 88.553779 96.932994) (width 0.8) (layer F.Cu) (net 1))
  (segment (start 88.553779 96.932994) (end 88.647824 96.601382) (width 0.8) (layer F.Cu) (net 1))
  (segment (start 88.647824 96.601382) (end 88.751475 96.272645) (width 0.8) (layer F.Cu) (net 1))
  (segment (start 88.751475 96.272645) (end 88.864642 95.947061) (width 0.8) (layer F.Cu) (net 1))
  (via (at 88.864642 95.947061) (size 0.6) (drill 0.3) (layers F.Cu B.Cu) (net 1))
  (segment (start 88.864642 95.947061) (end 88.987232 95.624907) (width 0.8) (layer F.Cu) (net 1))
  (segment (start 88.987232 95.624907) (end 89.119139 95.306455) (width 0.8) (layer F.Cu) (net 1))
  (segment (start 89.119139 95.306455) (end 89.260253 94.991974) (width 0.8) (layer F.Cu) (net 1))
  (segment (start 89.260253 94.991974) (end 89.410453 94.68173) (width 0.8) (layer F.Cu) (net 1))
  (segment (start 89.410453 94.68173) (end 89.569614 94.375986) (width 0.8) (layer F.Cu) (net 1))
  (segment (start 89.569614 94.375986) (end 89.737599 94.075) (width 0.8) (layer F.Cu) (net 1))
  (via (at 89.737599 94.075) (size 0.6) (drill 0.3) (layers F.Cu B.Cu) (net 1))
  (segment (start 89.737599 94.075) (end 89.914267 93.779028) (width 0.8) (layer F.Cu) (net 1))
  (segment (start 89.914267 93.779028) (end 90.099469 93.488319) (width 0.8) (layer F.Cu) (net 1))
  (segment (start 90.099469 93.488319) (end 90.293048 93.203119) (width 0.8) (layer F.Cu) (net 1))
  (segment (start 90.293048 93.203119) (end 90.49484 92.923671) (width 0.8) (layer F.Cu) (net 1))
  (segment (start 90.49484 92.923671) (end 90.704674 92.650209) (width 0.8) (layer F.Cu) (net 1))
  (segment (start 90.704674 92.650209) (end 90.922373 92.382967) (width 0.8) (layer F.Cu) (net 1))
  (via (at 90.922373 92.382967) (size 0.6) (drill 0.3) (layers F.Cu B.Cu) (net 1))
  (segment (start 90.922373 92.382967) (end 91.147753 92.122169) (width 0.8) (layer F.Cu) (net 1))
  (segment (start 91.147753 92.122169) (end 91.380622 91.868037) (width 0.8) (layer F.Cu) (net 1))
  (segment (start 91.380622 91.868037) (end 91.620785 91.620785) (width 0.8) (layer F.Cu) (net 1))
  (segment (start 91.620785 91.620785) (end 91.868037 91.380622) (width 0.8) (layer F.Cu) (net 1))
  (segment (start 91.868037 91.380622) (end 92.122169 91.147753) (width 0.8) (layer F.Cu) (net 1))
  (segment (start 92.122169 91.147753) (end 92.382967 90.922373) (width 0.8) (layer F.Cu) (net 1))
  (via (at 92.382967 90.922373) (size 0.6) (drill 0.3) (layers F.Cu B.Cu) (net 1))
  (segment (start 92.382967 90.922373) (end 92.650209 90.704674) (width 0.8) (layer F.Cu) (net 1))
  (segment (start 92.650209 90.704674) (end 92.923671 90.49484) (width 0.8) (layer F.Cu) (net 1))
  (segment (start 92.923671 90.49484) (end 93.203119 90.293048) (width 0.8) (layer F.Cu) (net 1))
  (segment (start 93.203119 90.293048) (end 93.488319 90.099469) (width 0.8) (layer F.Cu) (net 1))
  (segment (start 93.488319 90.099469) (end 93.779028 89.914267) (width 0.8) (layer F.Cu) (net 1))
  (segment (start 93.779028 89.914267) (end 94.075 89.737599) (width 0.8) (layer F.Cu) (net 1))
  (via (at 94.075 89.737599) (size 0.6) (drill 0.3) (layers F.Cu B.Cu) (net 1))
  (segment (start 94.075 89.737599) (end 94.375986 89.569614) (width 0.8) (layer F.Cu) (net 1))
  (segment (start 94.375986 89.569614) (end 94.68173 89.410453) (width 0.8) (layer F.Cu) (net 1))
  (segment (start 94.68173 89.410453) (end 94.991974 89.260253) (width 0.8) (layer F.Cu) (net 1))
  (segment (start 94.991974 89.260253) (end 95.306455 89.119139) (width 0.8) (layer F.Cu) (net 1))
  (segment (start 95.306455 89.119139) (end 95.624907 88.987232) (width 0.8) (layer F.Cu) (net 1))
  (segment (start 95.624907 88.987232) (end 95.947061 88.864642) (width 0.8) (layer F.Cu) (net 1))
  (via (at 95.947061 88.864642) (size 0.6) (drill 0.3) (layers F.Cu B.Cu) (net 1))
  (segment (start 95.947061 88.864642) (end 96.272645 88.751475) (width 0.8) (layer F.Cu) (net 1))
  (segment (start 96.272645 88.751475) (end 96.601382 88.647824) (width 0.8) (layer F.Cu) (net 1))
  (segment (start 96.601382 88.647824) (end 96.932994 88.553779) (width 0.8) (layer F.Cu) (net 1))
  (segment (start 96.932994 88.553779) (end 97.267202 88.469418) (width 0.8) (layer F.Cu) (net 1))
  (segment (start 97.267202 88.469418) (end 97.603722 88.394814) (width 0.8) (layer F.Cu) (net 1))
  (segment (start 97.603722 88.394814) (end 97.942269 88.330028) (width 0.8) (layer F.Cu) (net 1))
  (via (at 97.942269 88.330028) (size 0.6) (drill 0.3) (layers F.Cu B.Cu) (net 1))
  (segment (start 97.942269 88.330028) (end 98.282557 88.275117) (width 0.8) (layer F.Cu) (net 1))
  (segment (start 98.282557 88.275117) (end 98.624299 88.230125) (width 0.8) (layer F.Cu) (net 1))
  (segment (start 98.624299 88.230125) (end 98.967204 88.195093) (width 0.8) (layer F.Cu) (net 1))
  (segment (start 98.967204 88.195093) (end 99.310984 88.170048) (width 0.8) (layer F.Cu) (net 1))
  (segment (start 99.310984 88.170048) (end 99.655346 88.155013) (width 0.8) (layer F.Cu) (net 1))
  (segment (start 99.655346 88.155013) (end 100 88.15) (width 0.8) (layer F.Cu) (net 1))
  (via (at 100 88.15) (size 0.6) (drill 0.3) (layers F.Cu B.Cu) (net 1))
  (segment (start 100 88.15) (end 100.344654 88.155013) (width 0.8) (layer F.Cu) (net 1))
  (segment (start 100.344654 88.155013) (end 100.689016 88.170048) (width 0.8) (layer F.Cu) (net 1))
  (segment (start 100.689016 88.170048) (end 101.032796 88.195093) (width 0.8) (layer F.Cu) (net 1))
  (segment (start 101.032796 88.195093) (end 101.375701 88.230125) (width 0.8) (layer F.Cu) (net 1))
  (segment (start 101.375701 88.230125) (end 101.717443 88.275117) (width 0.8) (layer F.Cu) (net 1))
  (segment (start 101.717443 88.275117) (end 102.057731 88.330028) (width 0.8) (layer F.Cu) (net 1))
  (via (at 102.057731 88.330028) (size 0.6) (drill 0.3) (layers F.Cu B.Cu) (net 1))
  (segment (start 102.057731 88.330028) (end 102.396278 88.394814) (width 0.8) (layer F.Cu) (net 1))
  (segment (start 102.396278 88.394814) (end 102.732798 88.469418) (width 0.8) (layer F.Cu) (net 1))
  (segment (start 102.732798 88.469418) (end 103.067006 88.553779) (width 0.8) (layer F.Cu) (net 1))
  (segment (start 103.067006 88.553779) (end 103.398618 88.647824) (width 0.8) (layer F.Cu) (net 1))
  (segment (start 103.398618 88.647824) (end 103.727355 88.751475) (width 0.8) (layer F.Cu) (net 1))
  (segment (start 103.727355 88.751475) (end 104.052939 88.864642) (width 0.8) (layer F.Cu) (net 1))
  (via (at 104.052939 88.864642) (size 0.6) (drill 0.3) (layers F.Cu B.Cu) (net 1))
  (segment (start 104.052939 88.864642) (end 104.375093 88.987232) (width 0.8) (layer F.Cu) (net 1))
  (segment (start 104.375093 88.987232) (end 104.693545 89.119139) (width 0.8) (layer F.Cu) (net 1))
  (segment (start 104.693545 89.119139) (end 105.008026 89.260253) (width 0.8) (layer F.Cu) (net 1))
  (segment (start 105.008026 89.260253) (end 105.31827 89.410453) (width 0.8) (layer F.Cu) (net 1))
  (segment (start 105.31827 89.410453) (end 105.624014 89.569614) (width 0.8) (layer F.Cu) (net 1))
  (segment (start 105.624014 89.569614) (end 105.925 89.737599) (width 0.8) (layer F.Cu) (net 1))
  (via (at 105.925 89.737599) (size 0.6) (drill 0.3) (layers F.Cu B.Cu) (net 1))
  (segment (start 105.925 89.737599) (end 106.220972 89.914267) (width 0.8) (layer F.Cu) (net 1))
  (segment (start 106.220972 89.914267) (end 106.511681 90.099469) (width 0.8) (layer F.Cu) (net 1))
  (segment (start 106.511681 90.099469) (end 106.796881 90.293048) (width 0.8) (layer F.Cu) (net 1))
  (segment (start 106.796881 90.293048) (end 107.076329 90.49484) (width 0.8) (layer F.Cu) (net 1))
  (segment (start 107.076329 90.49484) (end 107.349791 90.704674) (width 0.8) (layer F.Cu) (net 1))
  (segment (start 107.349791 90.704674) (end 107.617033 90.922373) (width 0.8) (layer F.Cu) (net 1))
  (via (at 107.617033 90.922373) (size 0.6) (drill 0.3) (layers F.Cu B.Cu) (net 1))
  (segment (start 107.617033 90.922373) (end 107.877831 91.147753) (width 0.8) (layer F.Cu) (net 1))
  (segment (start 107.877831 91.147753) (end 108.131963 91.380622) (width 0.8) (layer F.Cu) (net 1))
  (segment (start 108.131963 91.380622) (end 108.379215 91.620785) (width 0.8) (layer F.Cu) (net 1))
  (segment (start 108.379215 91.620785) (end 108.619378 91.868037) (width 0.8) (layer F.Cu) (net 1))
  (segment (start 108.619378 91.868037) (end 108.852247 92.122169) (width 0.8) (layer F.Cu) (net 1))
  (segment (start 108.852247 92.122169) (end 109.077627 92.382967) (width 0.8) (layer F.Cu) (net 1))
  (via (at 109.077627 92.382967) (size 0.6) (drill 0.3) (layers F.Cu B.Cu) (net 1))
  (segment (start 109.077627 92.382967) (end 109.295326 92.650209) (width 0.8) (layer F.Cu) (net 1))
  (segment (start 109.295326 92.650209) (end 109.50516 92.923671) (width 0.8) (layer F.Cu) (net 1))
  (segment (start 109.50516 92.923671) (end 109.706952 93.203119) (width 0.8) (layer F.Cu) (net 1))
  (segment (start 109.706952 93.203119) (end 109.900531 93.488319) (width 0.8) (layer F.Cu) (net 1))
  (segment (start 109.900531 93.488319) (end 110.085733 93.779028) (width 0.8) (layer F.Cu) (net 1))
  (segment (start 110.085733 93.779028) (end 110.262401 94.075) (width 0.8) (layer F.Cu) (net 1))
  (via (at 110.262401 94.075) (size 0.6) (drill 0.3) (layers F.Cu B.Cu) (net 1))
  (segment (start 110.262401 94.075) (end 110.430386 94.375986) (width 0.8) (layer F.Cu) (net 1))
  (segment (start 110.430386 94.375986) (end 110.589547 94.68173) (width 0.8) (layer F.Cu) (net 1))
  (segment (start 110.589547 94.68173) (end 110.739747 94.991974) (width 0.8) (layer F.Cu) (net 1))
  (segment (start 110.739747 94.991974) (end 110.880861 95.306455) (width 0.8) (layer F.Cu) (net 1))
  (segment (start 110.880861 95.306455) (end 111.012768 95.624907) (width 0.8) (layer F.Cu) (net 1))
  (segment (start 111.012768 95.624907) (end 111.135358 95.947061) (width 0.8) (layer F.Cu) (net 1))
  (via (at 111.135358 95.947061) (size 0.6) (drill 0.3) (layers F.Cu B.Cu) (net 1))
  (segment (start 111.135358 95.947061) (end 111.248525 96.272645) (width 0.8) (layer F.Cu) (net 1))
  (segment (start 111.248525 96.272645) (end 111.352176 96.601382) (width 0.8) (layer F.Cu) (net 1))
  (segment (start 111.352176 96.601382) (end 111.446221 96.932994) (width 0.8) (layer F.Cu) (net 1))
  (segment (start 111.446221 96.932994) (end 111.530582 97.267202) (width 0.8) (layer F.Cu) (net 1))
  (segment (start 111.530582 97.267202) (end 111.605186 97.603722) (width 0.8) (layer F.Cu) (net 1))
  (segment (start 111.605186 97.603722) (end 111.669972 97.942269) (width 0.8) (layer F.Cu) (net 1))
  (via (at 111.669972 97.942269) (size 0.6) (drill 0.3) (layers F.Cu B.Cu) (net 1))
  (segment (start 111.669972 97.942269) (end 111.724883 98.282557) (width 0.8) (layer F.Cu) (net 1))
  (segment (start 111.724883 98.282557) (end 111.769875 98.624299) (width 0.8) (layer F.Cu) (net 1))
  (segment (start 111.769875 98.624299) (end 111.804907 98.967204) (width 0.8) (layer F.Cu) (net 1))
  (segment (start 111.804907 98.967204) (end 111.829952 99.310984) (width 0.8) (layer F.Cu) (net 1))
  (segment (start 111.829952 99.310984) (end 111.844987 99.655346) (width 0.8) (layer F.Cu) (net 1))
  (segment (start 111.844987 99.655346) (end 111.85 100) (width 0.8) (layer F.Cu) (net 1))

  (zone (net 1) (net_name GND) (layer B.Cu) (tstamp 0) (hatch edge 0.508)
    (connect_pads yes (clearance 0.2))
    (min_thickness 0.254)
    (fill yes (arc_segments 32) (thermal_gap 0.508) (thermal_bridge_width 0.508))
    (polygon
      (pts
        (xy 57.5 142.5) (xy 57.5 57.5) (xy 142.5 57.5) (xy 142.5 142.5)
      )
    )
    (filled_polygon
      (pts
        (xy 142.1725 142.1725) (xy 57.8275 142.1725) (xy 57.8275 135.673) (xy 124.915857 135.673) (xy 124.915857 139.027)
        (xy 130.084143 139.027) (xy 130.084143 135.673) (xy 124.915857 135.673) (xy 57.8275 135.673) (xy 57.8275 119.757838)
        (xy 89.928272 119.757838) (xy 90.010651 120.20669) (xy 90.178644 120.630991) (xy 90.425852 121.014582) (xy 90.742858 121.342852)
        (xy 91.117588 121.603296) (xy 91.535768 121.785994) (xy 91.981471 121.883989) (xy 92.437719 121.893546) (xy 92.887134 121.814302)
        (xy 93.312598 121.649275) (xy 93.697906 121.404751) (xy 94.028381 121.090045) (xy 94.291434 120.717142) (xy 94.477048 120.300247)
        (xy 94.578151 119.85524) (xy 94.585429 119.334004) (xy 94.496791 118.886347) (xy 94.32289 118.464432) (xy 94.070351 118.08433)
        (xy 93.748792 117.760518) (xy 93.370463 117.505332) (xy 92.949772 117.32849) (xy 92.502745 117.236728) (xy 92.046408 117.233542)
        (xy 91.598143 117.319053) (xy 91.175024 117.490005) (xy 90.793168 117.739884) (xy 90.46712 118.059174) (xy 90.209298 118.435713)
        (xy 90.029523 118.855159) (xy 89.934643 119.301535) (xy 89.928272 119.757838) (xy 57.8275 119.757838) (xy 57.8275 116.757838)
        (xy 84.73212 116.757838) (xy 84.814499 117.20669) (xy 84.982492 117.630991) (xy 85.2297 118.014582) (xy 85.546706 118.342852)
        (xy 85.921436 118.603296) (xy 86.339616 118.785994) (xy 86.785319 118.883989) (xy 87.241567 118.893546) (xy 87.690982 118.814302)
        (xy 88.116446 118.649275) (xy 88.501754 118.404751) (xy 88.832229 118.090045) (xy 89.095282 117.717142) (xy 89.280896 117.300247)
        (xy 89.381999 116.85524) (xy 89.389277 116.334004) (xy 89.300639 115.886347) (xy 89.126738 115.464432) (xy 88.874199 115.08433)
        (xy 88.55264 114.760518) (xy 88.174311 114.505332) (xy 87.75362 114.32849) (xy 87.306593 114.236728) (xy 86.850256 114.233542)
        (xy 86.401991 114.319053) (xy 85.978872 114.490005) (xy 85.597016 114.739884) (xy 85.270968 115.059174) (xy 85.013146 115.435713)
        (xy 84.833371 115.855159) (xy 84.738491 116.301535) (xy 84.73212 116.757838) (xy 57.8275 116.757838) (xy 57.8275 100.161647)
        (xy 88.423629 100.161647) (xy 88.675496 102.407098) (xy 89.358711 104.560862) (xy 90.447248 106.540905) (xy 91.899648 108.271807)
        (xy 93.660587 109.687639) (xy 95.662992 110.734471) (xy 97.830593 111.372431) (xy 100.080826 111.577218) (xy 102.32798 111.341032)
        (xy 104.486462 110.672871) (xy 106.474056 109.598182) (xy 108.215055 108.157903) (xy 109.643146 106.406891) (xy 110.703932 104.411842)
        (xy 111.071118 103.19566) (xy 118.669942 103.19566) (xy 118.752321 103.644512) (xy 118.920314 104.068813) (xy 119.167522 104.452404)
        (xy 119.484528 104.780674) (xy 119.859258 105.041118) (xy 120.277438 105.223816) (xy 120.723141 105.321811) (xy 121.179389 105.331368)
        (xy 121.628804 105.252124) (xy 122.054268 105.087097) (xy 122.439576 104.842573) (xy 122.770051 104.527867) (xy 123.033104 104.154964)
        (xy 123.218718 103.738069) (xy 123.319821 103.293062) (xy 123.327099 102.771826) (xy 123.238461 102.324169) (xy 123.06456 101.902254)
        (xy 122.812021 101.522152) (xy 122.490462 101.19834) (xy 122.112133 100.943154) (xy 121.691442 100.766312) (xy 121.244415 100.67455)
        (xy 120.788078 100.671364) (xy 120.339813 100.756875) (xy 119.916694 100.927827) (xy 119.534838 101.177706) (xy 119.20879 101.496996)
        (xy 118.950968 101.873535) (xy 118.771193 102.292981) (xy 118.676313 102.739357) (xy 118.669942 103.19566) (xy 111.071118 103.19566)
        (xy 111.357008 102.248748) (xy 111.5775 100) (xy 111.572986 99.676737) (xy 111.289792 97.435022) (xy 111.210167 97.19566)
        (xy 118.669942 97.19566) (xy 118.752321 97.644512) (xy 118.920314 98.068813) (xy 119.167522 98.452404) (xy 119.484528 98.780674)
        (xy 119.859258 99.041118) (xy 120.277438 99.223816) (xy 120.723141 99.321811) (xy 121.179389 99.331368) (xy 121.628804 99.252124)
        (xy 122.054268 99.087097) (xy 122.439576 98.842573) (xy 122.770051 98.527867) (xy 123.033104 98.154964) (xy 123.218718 97.738069)
        (xy 123.319821 97.293062) (xy 123.327099 96.771826) (xy 123.238461 96.324169) (xy 123.06456 95.902254) (xy 122.812021 95.522152)
        (xy 122.490462 95.19834) (xy 122.112133 94.943154) (xy 121.691442 94.766312) (xy 121.244415 94.67455) (xy 120.788078 94.671364)
        (xy 120.339813 94.756875) (xy 119.916694 94.927827) (xy 119.534838 95.177706) (xy 119.20879 95.496996) (xy 118.950968 95.873535)
        (xy 118.771193 96.292981) (xy 118.676313 96.739357) (xy 118.669942 97.19566) (xy 111.210167 97.19566) (xy 110.576573 95.291007)
        (xy 109.460495 93.326355) (xy 107.98407 91.6159) (xy 106.203535 90.224793) (xy 104.186708 89.206021) (xy 102.010412 88.598388)
